L = 0.001*[100:100:900]; %meter
sL = 0.001*[ones(1,9)];
T = [21.5 22.2 23.2 24.6 26.5 28.7 30.7]; %celcius
sT = 0.1*ones(1,7);

%stroom1
I1 = 0.105; %ampere
sI1 = 0.005;
V1 = 0.001*[28.6 56.4 84.1 112.1 132.6 167.4 194.9 222.9 250.6]; %volt
sV1 = [0.0001*ones(1,6),0.0005*ones(1,3)];
%stroom2
I2 = 0.205;
sI2 = 0.005;
V2 = [0.001*[55.2 109.3 163.6 217 272 326 378 433 486]];
sV2 = [0.1*0.001, 0.5*0.001*ones(1,2), 0.001*ones(1,6)];
%stroom3
I3 = 0.305;
sI3 = 0.005;
V3 = 0.001*[84 165 246 327 408 489 570 652 734];
sV3 = [0.001*ones(1,9)];
%stroom4
I4 = 0.395;
sI4 = 0.005;
V4 = 0.001*[109 213 318 242 532 6939 744 851 955];
sV4 = [0.001*ones(1,9)];
%stroom5
I5 = 0.510;
sI5 = 0.005;
V5 = 0.001*[139 276 414 552 688 823 960 1098 1244];
sV5 = [0.001*ones(1,5),0.005*ones(1,4)];
%stroom6
I6 = 0.605;
sI6 = 0.005;
V6 = 0.001*[168 0.330 0.494 0.658 0.823 0.984 1.149 1313 1480];
sV6 = [0.001*ones(1,9)];
%stroom7
I7 = 0.705;
sI7 = 0.005;
V7 = 0.001*[198 389 581 774 969 1161 1653 1546 1741];
sV7 = [0.001*ones(1,9)];