L = 0.001*[100:100:900]; %meter
sL = 0.001*[ones(1,9)];

%stroom1
I1 = 0.001*4.3; %ampere
sI1 = 0.001*0.1;
V1 = 0.001*[1.2 2.3 3.4 4.4 5.6 6.7 7.9 9.0 10.1]; %volt
sV1 = 0.001*[0.1*ones(1,9)];
%stroom2
I2 = 0.001*9.1;
sI2 = 0.001*0.2;
V2 = 0.001*[2.5 4.8 7.2 9.6 11.8 14.2 16.5 19.0 21.2];
sV2 = 0.001*[0.1*ones(1,9)];
%stroom3
I3 = 0.001*22.1;
sI3 = 0.001*0.5;
V3 = 0.001*[5.9 11.7 17.4 23.1 28.9 34.5 40.2 45.9 51.5];
sV3 = 0.001*[0.1*ones(1,9)];
%stroom4
I4 = 0.001*37.0;
sI4 = 0.001*0.5;
V4 = 0.001*[9.9 19.4 29.0 38.5 47.9 57.5 66.8 76.2 88.6];
sV4 = 0.001*[0.1*ones(1,9)];
%stroom5
I5 = 0.001*56.7;
sI5 = 0.001*0.5;
V5 = 0.001*[15.2 30.1 44.5 59.6 74.2 88.2 103.1 118.1 132.6];
sV5 = 0.001*[0.1*ones(1,2),0.5*ones(1,7)];