L = 0.001*[100:100:900]; %meter
sL = 0.001*[ones(1,9)];

%stroom1
I1 = 0.001*6.0; %ampere
sI1 = 0.001*0.3;
V1 = 0.001*[3.7 7.3 10.8 14.1 17.9 21.0 23.5 26.5 30.3]; %volt
sV1 = 0.001*[0.1*ones(1,7),0.5*ones(1,2)];
%stroom2
I2 = 0.001*11.4;
sI2 = 0.001*0.2;
V2 = 0.001*[7.1 14.0 21.0 27.7 34.7 41.2 48.3 54.6 61.3];
sV2 = 0.001*[0.1*ones(1,7),0.5*ones(1,2)];
%stroom3
I3 = 0.001*16.0;
sI3 = 0.001*0.3;
V3 = 0.001*[9.9 19.2 28.0 38.5 47.8 57.0 66.2 75.6 85.0];
sV3 = 0.001*[0.1*ones(1,9)];
%stroom4
I4 = 0.001*28.6;
sI4 = 0.001*0.4;
V4 = 0.001*[17.8 34.8 52.1 69.0 86.0 103.5 120.8 138.2 155.4];
sV4 = 0.001*[0.1*ones(1,9)];
%stroom5
I5 = 0.001*48.0;
sI5 = 0.001*0.2;
V5 = 0.001*[30.1 58.8 87.9 116.5 144.6 172.4 206.0 229.1 256.7];
sV5 = 0.001*[0.1*ones(1,9)];