L = 0.001*[100:100:900]; %meter
sL = 0.001*[ones(1,9)];
T = [21.7 23.0 24.9 27.8 32.2 36.6 45.1]; %celcius
sT = 0.1*ones(1,7);

%stroom1
I1 = 0.100; %ampere
sI1 = 0.005;
V1 = [0.064 0.125 0.184 0.240 0.293 0.34 0.38 0.46 0.52]; %volt
sV1 = [0.001*ones(1,3),0.005*ones(1,2),0.01*ones(1,4)];
%stroom2
I2 = 0.200;
sI2 = 0.005;
V2 = 0.001*[133 255 383 499 595 743 869 999 1129];
sV2 = [0.001*ones(1,3),0.005*ones(1,6)];
%stroom3
I3 = 0.300;
sI3 = 0.005;
V3 = 0.001*[192 373 563 748 929 1113 1299 1486 1671];
sV3 = [0.001*ones(1,9)];
%stroom4
I4 = 0.400;
sI4 = 0.005;
V4 = 0.001*[259 507 764 1018 1267 1517 1773 2016 2270];
sV4 = [0.001*ones(1,7),0.005*ones(1,2)];
%stroom5
I5 = 0.505;
sI5 = 0.005;
V5 = 0.001*[338 659 986 1333 1665 1995 2323 2658 2995];
sV5 = [0.001*ones(1,4),0.005*ones(1,5)];
%stroom6
I6 = 0.605;
sI6 = 0.005;
V6 = [0.411 0.810 1.214 1.60 2.01 2.43 2.84 3.24 3.65];
sV6 = [0.001*ones(1,3),0.01*ones(1,6)];
%stroom7
I7 = 0.700;
sI7 = 0.005;
V7 = [0.49 0.95 1.45 1.94 2.42 2.91 3.41 3.91 4.40];
sV7 = [0.01*ones(1,9)];